2671282
1026285
2657199
1276084
1103461
1185674
982481
2340165
2573500
6268715
4264491
889286
1683773
1200524
1920176
3902249
2142558
2278882
2161322
3037523
6845668
2235682
2428589
3482160
4087737
11226477
952328
1397825
1460960
2267398
1900615
2249855
1653175
2483153
1738125
1711413
4314367
1445407
3135944
4106187
3646704
6445368
2082087
2624860
2242261
1325151
1357649
1982079
1088828
1576856
2305250
1234315
2672183
1218485
1440943
1749455
1031346
3683052
849341
1971662
964099
637083
2860350
816757
2804157
1460089
856513
1865191
1701494
791383
1871422
3221533
1093053
3690506
1696344
1749121
653596
2360883
794996
1621262
750824
3234317
1075922
668515
999804
813024
2054096
603496
1476677
592900
887664
673808
613905
791956
1135080
590223
2910917
594716
649386
1327565
694201
1270530
1244116
1569965
1732618
981848
682827
718991
590055
566847
793216
786216
1466169
652069
874831
1403248
2075528
1058301
1350902
1877238
822603
828451
783671
1386138
1384031
641178
776427
1288557
901777
616835
811539
994912
1537084
626209
1753344
849004
1707658
2166934
636331
1844384
1949463
575732
809440
1863565
1431384
621751
1205955
674958
1505618
598237
1739045
771033
3019162
1383232
630757
1067430
523489
1260422
678311
2190771
1644885
607330
1234867
564067
1658337
2278644
791184
3651509
1593829
1778707
492662
1944266
574108
1133313
637198
528427
979308
602234
1397531
1109026
684802
1200806
2272948
478069
2154256
589020
590053
598866
588805
1241409
1413752
607233
895576
1142265
552851
709082
801402
806748
1905025
611324
2771158
516687
953903
521175
1097766
844079
583911
928214
498424
866695
1543060
459654
1111729
1856447
1537238
1593007
2321975
909235
2023108
1236849
584802
2024633
864364
2870336
1397927
3896260
738215
480232
524923
469225
937917
2127400
1687385
4277818
2691651
665370
2081615
840044
1290852
1178526
443471
648994
2370509
2925668
866610
890216
915192
746729
637228
1502275
1670893
2744745
1606272
538541
3682074
3646710
1074771
1420508
2026902
2564604
1236681
2096605
1173905
956185
636874
1029885
1625878
2481894
957895
722326
496728
938799
555320
748249
959167
787142
611131
529950
1136728
2690939
1548090
548892
1552348
2201995
2209971
1014789
2115257
439893
963486
814652
839998
1681032
1123020
1883209
1304167
1400281
980968
500349
1490087
1299812
1825033
820647
1080458
607832
805307
556567
2816979
1002203
1297500
945727
1332789
2040536
2236531
527913
703487
650227
534902
794186
481378
499159
1304787
1532123
434727
403601
578016
1299178
3309269
975165
1190204
1570755
690177
3065139
1334793
908832
1346723
1884213
767277
506916
1187252
1977624
1323270
1497538
1177953
456574
2024673
1328421
494166
1205332
1704225
1153227
494122
1713445
825509
1193571
1174447
1288262
1979331
469110
873103
2791092
1913390
1429367
1240855
1694204
419659
489252
398396
412299
584819
750421
497557
674411
901540
895314
764106
767091
994532
386383
424073
420993
1443257
2042483
1345082
1444058
400540
836941
752137
420242
357601
2098650
1488052
483655
659715
539510
854798
682309
1101243
652688
385047
1214540
1106135
1099102
1382569
459240
977004
656931
511449
414687
1226095
1410303
413998
1019511
676870
2588132
780023
447552
2382556
1227768
484357
799236
430049
463120
2178077
1858499
639516
2460066
511333
506315
919457
1461601
1582939
2764895
425295
576791
1238389
847756
2669053
3903092
782582
965033
499831
444947
725796
470096
417648
1283947
978484
486075
804171
751060
756233
1164124
705420
894434
483860
1133296
1171716
1294026
1032761
963582
1490531
1268836
1597589
951929
1571894
1144606
556720
519945
405910
689367
859124
493191
873283
1064224
1357711
601974
493484
482029
633240
622856
1005595
1008945
976471
739562
916667
535124
471229
1033291
487055
1132911
773804
682831
852520
543067
650577
619275
309171
1427806
378324
5690221
463440
1132348
2151964
381948
4886280
1328650
5458409
470710
1016244
912823
1033848
1545017
1196111
952586
556766
1756638
1305834
667105
427903
1712916
458811
841894
1892610
441307
821335
1805354
1329268
1651802
358622
815183
799402
1156009
1736736
4453593
583775
515902
481952
613168
1609573
816725
433343
477713
1089520
653234
635846
1838989
829393
813918
1163865
1005331
1824724
3054072
1391820
2859098
323154
1061363
488089
1275834
1158682
728355
642294
424944
684998
885758
980757
1292236
2266370
5041742
5686340
1498466
592104
433794
940463
1216094
2552582
946807
888604
494105
1159639
1052573
2409905
1019603
1659254
427124
2935264
1227926
714867
727191
447255
744209
1373475
2615710
857882
1123918
815391
808226
1244879
2652194
514192
819818
420480
914649
2552237
4340184
455167
746823
721647
563986
511100
440339
1601357
1528425
473271
695551
1555169
655060
424075
872310
564958
691826
1106249
610073
722831
1029753
1168680
423045
917229
708072
852909
1028171
471925
677323
749986
933780
1346623
1127531
755233
584796
872307
618245
724128
618783
635836
606600
442624
826738
479559
1049496
1065387
616091
931487
728362
1166858
1130949
450498
602670
463253
1380493
4544285
487119
728618
938958
860649
498852
732637
507904
1318200
1184499
561773
735361
2950512
3036521
526873
2165666
674173
417158
878761
695233
507837
942625
482011
411616
628698
476512
761293
482860
522990
1052057
974129
680129
449357
832038
1023231
2204566
1146751
2124722
1723106
981015
440657
370961
453806
711765
748289
502214
677083
1482932
622631
974211
960601
457226
482237
927278
914191
447378
933926
1073705
595389
894126
600935
1822293
1297087
901912
641686
1672131
833297
1067671
2070045
866885
945864
1148706
682355
885287
650606
791653
480377
645625
834116
1567900
514967
2979078
2010669
523027
675693
709070
2708725
788582
784470
1110041
2480386
1273416
932050
607736
811518
806241
479775
879487
480888
663647
584098
660197
799290
488709
536803
503530
832363
1353665
481564
1124247
1808864
522274
757707
686400
479693
1002638
871074
487030
1084082
796453
912830
520480
789574
541373
1360145
435852
538349
1720670
886783
541734
1165584
671848
755660
451149
875531
718323
1451789
927885
709577
543425
483384
984907
1593082
1491345
527430
543407
433020
1904440
401539
1134334
1426329
440820
442419
1116210
885078
1172548
911083
1225888
480574
496400
397978
445845
1069238
498118
1619327
1104240
1728237
1575880
1574488
482360
492776
517980
499859
1160585
997088
533211
574144
2745611
4210637
1299902
444204
576897
490955
330052
426607
485258
656209
526282
881706
533402
1835757
720285
1634188
312420
887565
1465135
1489226
1122099
907756
839238
855371
474430
685897
758911
1105209
490372
727866
932671
1024411
592235
1907359
448324
1352001
904175
1555100
631850
1027431
616357
458777
596280
439370
1585900
782807
446937
3585649
805670
339824
2760074
655233
2218762
1531512
422411
594348
432778
468438
1106065
406619
892570
977458
382658
499837
354791
484539
414176
391076
450771
991083
930672
434002
785999
955787
1338769
1178971
1239711
2272681
969073
993096
776247
776918
778309
570976
471380
483994
445948
1967816
864588
1069366
424547
451896
571104
1319300
927002
537620
453073
427070
460202
836642
457456
439507
598379
2137398
1196178
449861
909397
435391
530049
1055736
1080302
549923
580980
453828
867796
492608
434747
423262
473120
432648
408333
947657
591080
603924
662132
466309
803973
607269
496223
2417051
459897
395605
397565
503174
435397
513139
412104
378853
575694
494459
457754
764144
1351208
530554
414897
573834
618438
548546
693039
520087
2101573
1358309
574595
734953
639260
716500
761617
1794923
2507210
1086352
537995
461939
519014
1176579
1145308
1032646
505952
454516
426840
300988
1189881
2161374
1735132
1107051
834675
590996
452622
462642
604297
615620
442534
899505
1175215
402424
828451
799121
384302
746511
4869674
738082
548326
1045580
533736
1169888
801622
476708
824818
712970
1273042
1814994
1685246
1022502
2151391
1844251
2723555
4745945
1118163
1008532
569593
2345765
1614185
1546627
629100
677431
420949
881744
593642
1379050
1190320
6777506
6044662
891388
2066669
644029
501419
1170414
1016062
427178
527175
535440
1304320
1759930
483911
391871
429043
548956
437942
911531
504555
516173
3346568
474651
542072
514271
435427
561746
770147
411370
347139
504041
571287
659571
722207
396068
284405
514298
518084
445330
508904
566400
565097
401736
495922
615309
727820
449827
659713
578274
417373
694319
452020
554630
648715
1154607
1491044
561255
541171
448970
639413
1451922
413211
755295
618572
715860
587038
486708
626239
598429
581947
553696
602859
418440
3268392
374424
467406
436660
510838
582985
431401
493338
463389
436865
439462
1010392
515976
468855
497851
294165
886975
442794
536668
489239
581210
580336
547939
397501
325182
1399128
672279
491739
505916
463509
595276
571232
561664
588078
473803
550638
482196
446461
366462
723050
383325
425110
537689
424360
430745
507928
438430
700447
430963
477851
412557
438354
497253
424515
582676
516635
761410
403418
331668
1179819
476732
450071
1946956
1701489
983427
495102
476002
467542
428135
634128
502176
488684
508440
450967
814213
436197
394181
440909
553903
537488
877515
440267
1307764
649942
627990
597163
2367188
1056618
1141096
655730
628165
616450
523120
533465
668490
1242297
631376
520923
419149
588138
1077082
759019
703573
1032450
1909805
1022780
813924
659531
789333
1265337
726925
622964
762663
851965
539017
476762
653694
707013
1030182
1289287
1209486
4572889
435073
1001552
732044
849547
495243
1309527
461475
447652
924484
472256
426683
1507830
1223380
551360
1709817
501735
421848
442030
564220
518509
992713
599330
587162
2142276
1034237
540999
2380248
674371
442336
430743
610078
500187
1331920
914335
2008226
444290
1411896
492067
533869
641787
459208
526139
578351
499406
481361
423915
1889431
462836
418218
517090
820002
808109
541887
414453
747738
1811925
2572940
2006917
523510
898275
1130958
269413
451760
436711
378989
494165
772644
714084
680590
626625
876957
441315
522227
406581
532576
495804
546090
669179
582204
263356
483786
558550
447570
531320
1116280
385926
355034
1101760
853949
2860114
1149511
375570
470082
495965
389327
709894
1172840
3395913
420730
513934
708023
503634
628093
1264723
774356
1873048
405006
325253
474167
617073
528411
546149
704474
770098
420947
440288
343003
485824
450321
382651
548428
786728
6620154
632025
917223
1032153
3787922
435143
1137142
2590711
1084598
1456787
495307
577168
536615
490117
422199
573869
1315373
486849
1247243
507240
557820
362155
465172
449171
491936
457487
437381
504500
1442868
393320
427686
412331
610313
470688
457198
504431
484348
837847
1614268
539864
642895
663065
499696
411042
632867
530723
482554
660428
410352
985022
1039450
667239
889918
665909
355523
545108
1102025
1377311
1425557
940076
625807
424953
555371
698078
626329
1204540
763967
2260113
480022
1526866
619478
574795
483457
418668
531870
429907
477613
1063004
1053964
716962
500051
1749047
512956
689566
561555
683174
855640
1333480
302909
282877
380287
357613
567167
365711
1204348
262665
489996
1610479
2228661
552949
438820
436326
359196
383646
1268942
578395
494988
2599427
1458028
455673
442129
923361
360820
410085
537990
424870
1766921
719641
2648132
621803
383115
477727
729175
528437
583489
433278
611845
449034
393932
355278
795201
