1124959
1990201
1382248
2630069
2343533
2091103
1977776
1275338
1379747
1750742
3315908
1795920
4447144
2356446
860624
3113867
2373830
895825
1370157
891128
4195893
1040744
1189944
6905779
762248
859155
1224792
4301655
1784306
1479635
814113
488271
831017
2131005
1095275
576914
720109
2991951
1192138
1422727
617846
446259
890532
459985
1749654
1842238
5831317
2989964
610059
1647981
693560
569690
1513252
428865
1104784
1075421
664716
492927
624198
2579007
2492488
760991
1306627
936274
1431435
556312
392659
439750
2496268
529699
727334
1131426
412342
569118
370823
415370
1238583
872455
456185
591668
1354078
386401
1024813
702360
856685
2024961
532807
789616
3048521
1088703
1267865
1724440
1015407
2011332
1297545
1907225
1217701
2092171
1107309
1143756
995916
447392
1039091
1457904
1112486
922727
446986
999759
1918884
1143730
1451701
1845836
832498
948518
638416
565713
806809
773942
1452680
1511282
776707
1454534
502511
1763611
1285408
479078
1594137
1242149
520099
652449
774176
829440
385342
1259218
670024
586707
737391
544315
641421
792584
1414957
1132196
690393
1848793
507429
656297
551140
1010212
791628
1722910
373221
764701
1574975
663633
1244078
1206078
1046601
1037734
772584
400998
517158
1710518
499682
1885757
914000
878636
1069624
467657
1471021
879483
943400
795364
396902
5982790
2725544
416274
1254536
422119
944456
1106811
839475
560442
420459
1047292
564155
768749
711883
495487
364461
348597
851559
827107
1126173
1043656
607526
940839
353322
7146267
641009
362057
394704
439633
398184
1973648
513584
1086401
772368
1284395
716818
319855
401721
641491
347732
707733
395562
643463
996545
343100
560444
1764951
1428396
560361
812375
968852
2190216
2326525
739326
1286193
569504
1557058
1146026
1242516
1136441
1210924
415426
790560
956092
1855710
555586
482499
1127962
1211787
485277
548248
1030951
867987
668067
661285
845716
536297
892183
1042898
707610
1216744
540298
615860
497168
1047380
2162044
672529
640694
510204
565645
751892
490876
1252130
975157
551020
1252485
767591
535835
1025154
537170
1038770
2404953
629336
607649
870712
1437383
932224
834215
835060
627905
611850
344400
809068
708533
421222
646145
864711
499301
917973
916388
456940
688178
1621767
857672
768003
596505
1314311
1070951
567085
753431
1376088
606083
522927
1056231
749040
444750
979472
570224
433679
459655
466599
439993
1626604
443206
1257801
488093
488473
518657
433744
1981677
354295
445203
1342067
598614
705220
457203
965715
828829
968780
650368
595940
749041
615056
1284882
867240
1212462
901805
867251
820269
499129
474365
678808
642716
579146
344883
827907
1245811
513000
686622
525240
644856
749751
512158
539092
902510
448069
1324152
709196
571211
553988
651935
623824
546283
626129
344567
1005760
977700
387000
824976
1094850
2800204
811172
971945
738825
639794
1444576
2666409
490135
623380
416919
376592
378305
1096711
441059
470814
273680
363111
660009
1171833
459246
520342
850066
353678
522383
432749
462528
650344
406680
465802
462240
430407
610362
575136
692644
662397
437891
937740
250195
438007
412296
435828
461410
491462
467417
498485
597858
2217671
326938
537689
555139
654760
703288
494611
440201
587994
542918
567547
496766
425593
416400
792371
447991
472525
607600
1277557
936406
881234
452455
995443
414727
610979
428056
353181
779119
412297
414315
624645
415063
462149
568519
363130
1036976
1366932
465864
886709
463619
447569
834464
673802
356865
521524
586788
414309
1506412
831960
522109
396729
447486
702822
287580
1075047
400064
415353
819343
590638
5505864
510813
2792699
2925348
564911
476271
427754
345983
478314
478505
373186
668580
410082
479521
616351
383636
441480
642704
414556
703452
438173
544652
329888
2271505
929237
802684
284245
330203
409896
228043
372392
942223
389583
368489
278063
471678
326227
1062368
382777
333045
370347
498466
