4437675
4381067
1460892
1269034
773606
2959694
1203078
2458265
2039793
2456761
5010608
3860819
1249893
2348120
2353818
4538386
5158071
2760834
1551186
2506224
4094689
1682343
3076854
3117630
2253468
1133974
1075334
5071210
1301159
1749943
6013919
997612
2599353
1912600
2676842
10016039
4419739
3652423
1064591
842812
1405753
3352887
771941
748514
4195473
2335366
2422842
929267
1046965
814093
2260759
1183738
1345716
822694
1897511
4809908
1741507
1933233
2623057
1505884
644841
1407540
874123
2385011
774926
1183467
5119989
632707
770539
1271365
1160174
1376014
637594
876754
1079912
654954
1318757
1537855
1725053
2266024
1651837
1539266
3673960
2365264
1378559
609015
522496
2170001
663232
1355750
2664501
1801244
1841497
1047231
2561708
930459
1093466
1239132
1663662
4143716
1278912
1448826
1464941
860942
1164982
2646929
491852
518804
571856
1333140
2512740
1863204
1323982
651933
3693130
2129285
599240
990409
1562129
1165078
557199
827068
669851
2681339
726008
3432883
608348
734435
578599
1887285
407316
1365295
704931
1594952
1111553
892845
7184761
476656
3989455
1419713
495329
660496
678469
1708081
736653
478495
1313492
575364
938198
2158208
1516416
1321973
3484712
1298135
1697350
1107438
786252
963835
991570
1209690
442284
989588
672852
1138683
933794
1220396
1032021
467797
594291
463239
2790730
1229693
942871
3727875
395671
598325
1115356
825296
530560
1236127
356790
595821
585333
370200
522805
1401358
1183886
445621
1379530
779083
844188
502275
1171374
584242
984291
1051038
1072901
1727265
1686018
847382
528010
3588524
1297223
474616
1837248
627072
566982
956088
857921
594359
613587
517581
1201009
1649850
586772
1267074
530861
872807
691305
857398
1454348
584151
2466105
1441414
469628
886811
535066
692254
464607
746026
878973
472506
682951
531296
1192126
812737
708203
1216620
554303
2078908
1227526
480572
2130314
477810
558972
851176
581546
1060946
829020
567878
611356
852345
437010
752499
613860
479817
801051
527027
455758
450803
190534
2497944
1657505
1567744
477418
671172
598019
7905945
1467874
486918
546693
495986
644374
700642
694323
618233
497993
990588
388842
579380
408476
977714
1944999
663783
458999
1637418
1583568
457510
1054029
1538331
529864
1232074
350233
868504
491316
484407
1607450
492558
475837
466678
1710235
919745
462420
1964896
1111473
424241
464539
838825
1543078
1440927
3039671
609427
2179022
3766994
451602
569508
1585670
1428150
480742
1144605
677441
1551058
516333
1108720
511352
2031321
525582
3834492
555244
1571625
1409999
890993
1150684
4394305
2029522
2571182
603570
1744514
704589
572695
792369
471190
1631976
458247
1333449
3284450
454077
1187513
423938
1142699
753557
950869
517010
867956
1216902
1527191
730947
1155581
484625
978224
505474
805290
376551
760067
709474
895866
612785
1037399
449504
891228
968355
1070287
1324916
919858
1231870
548334
496564
1390780
2069096
897158
457300
1292808
1131892
895824
2608487
608587
586900
2830831
1099947
2134896
1892715
2267398
4655977
934710
2532802
1556533
3024532
503302
625908
2184192
728054
432144
1166200
934820
882105
445212
654473
604203
682546
704421
808223
1235938
806538
888427
1341193
1446751
413335
2597228
947283
537104
843473
788922
938331
524936
1356073
2443324
2130921
1144800
485523
728908
559097
1088780
458400
4239612
513850
983836
784545
448846
1211319
916422
1278630
514641
898351
735963
1151012
429575
537429
752573
732305
1417827
413856
813059
1700991
639725
964776
599253
1857668
944613
518958
614218
2080067
585074
580741
394711
839601
1144247
511231
703353
402324
1072292
397064
741536
2206503
1020820
1397858
765175
511136
502959
1251932
691982
599373
415436
582210
982556
510156
1048998
951938
472484
1026552
1220125
525017
931421
643207
1126982
544671
1054378
3029310
502217
2181887
897183
905098
469901
1096847
708374
1977287
929480
345426
1704971
3934129
535434
660047
1767604
558424
1690126
523060
583528
1828759
368973
434690
2307448
1246618
553495
341894
3911304
7867956
1138365
422543
713485
736280
991002
1904424
886675
686440
2523118
453398
423301
976411
492118
672235
871461
952113
2222362
1295065
1014935
497687
846460
577949
894727
1228250
434075
627213
535512
1449814
1074438
393403
536741
1836006
579032
400994
1373285
851339
1190108
1501336
363206
2746691
586780
1055364
1241986
479663
690338
1278540
903581
713157
1300339
917718
1457204
1575265
493966
648142
478542
2720576
2873340
488891
677609
1191797
1370556
524825
527854
742935
778356
462928
974645
1676616
2582746
449775
535731
449210
892332
594709
524773
786811
903912
458921
1138539
507187
591744
1253582
380266
560069
618504
1152804
909013
476525
1482754
595230
650490
443073
605891
519054
1628662
1253926
1508923
1126531
703095
993785
711683
1403740
1751580
712822
609166
489220
849940
1105409
731662
724677
436954
842228
780643
1028314
554148
1493459
558689
641544
457083
1527837
537812
715651
517560
1077303
2677313
663407
427931
617795
660045
1233105
407871
627469
789149
548291
1050331
761531
369246
660977
578880
642788
818144
466597
1799645
481861
2094294
813663
761550
495627
476556
801987
603798
800964
490122
1613797
1347038
459364
1211047
2510842
442173
538473
1089199
717078
738859
556276
618812
693253
455628
725355
816930
519982
432163
814942
2907582
1083757
971746
468089
717049
785330
371295
983667
637126
1078267
617997
489759
1174644
1463945
1863867
623757
492581
736827
558693
691216
607422
1456309
1531204
475033
3031715
733924
646363
404983
583123
741485
592933
428475
877114
480743
801149
432253
646907
536382
433076
687230
476280
498787
626072
1240568
1288175
543209
633918
952617
933574
604508
835211
542440
516229
1307078
1296767
548185
597861
1073091
1017558
832480
477397
739669
480866
1355469
999699
460382
1964720
849140
1098669
323573
452304
875880
807642
476171
689547
455600
2779448
318345
468505
1240686
292596
499995
1142407
590554
585212
449387
520338
1028140
416466
1575038
491253
537262
522888
1027677
551835
1599056
485047
900593
703081
649114
701440
533224
569043
502304
2315658
1182140
779388
589707
1001562
3372739
998622
488250
486874
477701
708916
447414
703091
484434
508854
546383
629820
746598
517080
1132769
544154
535867
521254
1007007
794167
470949
891013
647440
420593
334609
877676
663413
670687
552326
650507
562634
643676
451385
684898
624320
406720
489792
438022
1144338
365044
451665
683144
380788
458787
1355017
451775
1442198
915115
728882
1064011
419598
1817025
1812714
1300033
513882
866569
1308614
505824
1716269
841413
658176
474788
1068029
400720
2578975
500011
665911
1403666
491259
522658
1254695
918289
3124781
629192
320540
867584
781552
677200
1826456
602753
422666
350845
2085642
1287636
2573938
3150697
607071
662840
2354718
1448839
499595
545782
1275560
1174218
490139
471417
613642
670082
413629
449875
709667
411835
1278994
545104
679420
551696
598207
425078
921435
1135544
1219356
1003088
508374
651136
413764
633344
455960
714579
1494842
485062
1631025
1881927
444570
407694
533176
772131
528995
1010878
585522
1157986
609914
566693
389558
484971
548831
704026
417785
449807
543887
400934
1041273
418009
765627
415954
510213
2793606
1246732
1421343
658892
428791
729352
610870
565919
604624
438257
882079
507011
591438
846417
479226
717111
701450
404252
578460
765494
527452
1067569
620596
424667
1072575
589181
726889
897691
466943
540450
396814
1215863
1670008
384356
400822
460954
997450
419234
406983
627822
610659
502625
559085
512977
431502
472610
600765
757711
665424
715962
1133060
519023
409949
1033800
448615
396665
756625
313080
1516329
390353
578673
426682
514505
647698
577285
392730
586883
862286
895609
382062
607917
496969
708104
707604
439065
598070
759793
606854
436104
255668
445279
528008
441475
1044131
474562
507909
1204158
700628
1886637
846777
661545
556089
1029480
424418
548595
466547
1101818
1551255
1516116
530449
662203
1458167
450512
2917856
514896
756254
513097
547774
1406484
1006164
408736
1459838
1586811
2730846
519835
715183
668722
866458
436227
772910
407754
648885
605455
683526
554650
568269
557064
538000
469060
690942
469216
620508
712975
510971
806913
422947
464691
681230
408661
520077
390860
1017973
464223
902501
474458
3647265
724818
1019607
664177
441757
696834
1391976
506960
1091959
1542359
1037708
400360
3235841
1823295
968248
1743913
465720
572253
1059597
408346
781714
7277785
3719963
784877
625049
597294
767051
478596
580249
2730213
470408
774410
332163
483615
547348
3660747
586066
692433
504588
664896
308659
371286
451148
450831
531734
510437
449202
447723
388894
435502
611249
544320
416319
519458
422681
434146
431993
609360
483296
2024820
465180
467678
1079525
491258
486907
516452
495501
524751
523506
662400
481644
570955
572557
429375
1609676
405083
455099
477319
533509
3127837
582026
427528
1402281
510182
319090
475216
468229
465166
562406
1114580
641292
765060
325529
488121
553436
462303
461310
516545
736693
414770
679901
522271
427090
440759
483461
528090
345730
263890
385947
399052
596184
482627
485599
466246
484464
492575
442967
453371
574381
775569
1915937
371967
499528
380331
1213118
538800
371488
1804097
547098
300024
526092
718120
503415
490668
705475
306532
1039700
717600
488666
414358
307256
612682
466580
363318
713042
612196
965489
483418
999186
419767
648804
485943
527205
2576293
606853
619875
574047
439000
663332
702167
415682
408246
381756
767710
812128
802905
1074686
548697
2258147
419644
664495
819912
645290
773673
684463
1494071
781756
770698
835162
498653
730797
561990
515913
1130100
1484347
4185913
913542
528692
564343
1287088
402310
515175
616402
691822
451510
706811
537259
580987
598980
1640292
509394
1030286
1558947
475297
448590
1163396
642086
2547009
702497
438974
530445
454710
412334
639434
1034154
2275210
682160
732109
426376
714273
567957
505996
550981
560035
1460055
767568
659206
534199
611986
349367
462528
713807
385758
624941
399896
1143653
385098
468462
453354
610644
360545
1555102
526571
392191
404551
377599
261386
331340
595360
825222
616304
598444
913834
350277
402048
485742
391548
866077
406744
332467
821359
388691
584708
251200
348685
603203
351044
1892087
457323
702741
959795
428369
2136511
369296
402477
447134
273895
412984
555209
459149
1969843
1363525
6045006
1912423
688532
575915
610949
351934
752463
210710
508545
455855
986153
436637
570638
469447
409737
3774749
480935
2332708
365618
554976
332115
461743
454073
526399
416285
623679
461798
736015
685970
454576
1405640
564455
390085
353942
378390
446062
1127222
457023
433001
562493
379495
416966
434184
549973
259712
643345
326437
2166941
358699
430639
406835
390662
540440
372322
312653
428411
527581
409546
388211
555840
729354
616338
915368
455784
329619
1029536
406030
480138
2271451
964100
664818
377693
604983
878141
771492
480698
1556606
636447
833025
568515
434609
730811
473640
586769
436840
668131
577238
565002
3624019
461227
505157
475321
437461
402494
376624
1682480
2903590
467873
1260431
511713
388772
1647251
776616
1371035
812421
757050
610513
558786
602257
419988
662601
498177
374899
374104
445760
778595
351387
1083736
1424783
582458
1642549
543209
1942261
744290
327851
1092297
334235
906935
1170569
1796336
549760
520823
411484
320199
436839
1145284
436838
673525
2467691
