2438352
1509817
2544986
3745283
3170656
1059295
1588956
1533408
2924499
8199423
1290040
712606
1035198
2472231
1878483
1932375
635437
676253
1974464
1815542
1384966
1199800
1960940
2215835
2531792
1479980
903066
962851
540023
832573
2587217
610708
934643
868533
480737
1179040
3609728
562543
831127
783152
712497
832061
871210
779687
1229139
585066
1290296
1718938
4601203
1229316
879792
3135652
1974564
556156
505458
1437225
1791865
1306196
1263357
1468927
2028767
1021914
1585875
1390505
1663682
2755414
925527
1077028
660428
599017
1403304
762800
703513
669376
1013646
832009
966480
534383
2097404
883796
645695
870987
1009785
1314710
1454451
2938815
1333778
1542868
967268
1010262
628770
819512
663452
449760
608309
578300
789049
703135
566339
410021
421484
1799980
1767339
355880
1270976
472863
490827
598523
475784
1223354
809442
1087793
908514
858496
2639213
1821848
960881
1138111
656498
764129
1100092
1271638
662815
868599
1506393
1011836
1097998
1505565
566851
1218743
489416
874843
2613807
868898
438629
399148
885315
1285005
709660
1035262
847213
1309984
568603
1446162
1089193
1093414
807844
360102
730964
538280
1039465
4325699
1183183
787056
764929
536750
730693
1278754
395016
600474
1003981
847721
705820
1064386
1249667
772284
1468351
2019099
1589990
969333
2498470
3321035
883980
1473344
911214
451526
1350949
2565730
2194836
790778
1388420
1769836
688465
1222312
493631
2105863
535999
735650
722991
1822140
1325727
1203407
783810
913978
1189093
732453
623574
933395
702742
1197670
842104
1028406
632232
463428
987249
1375469
687960
1012850
519360
1208567
819249
832767
642391
1214500
1616691
1788148
1221457
1116699
498515
861152
1269983
729726
644181
881119
879118
453401
890942
800687
890055
768781
893838
1240794
837954
734560
1318483
1651869
1042705
1105180
1108389
1319283
898787
838624
949199
828442
2460307
857207
327367
629213
1060886
1042010
1048727
848930
611130
499875
721998
1124900
1049348
813045
1438482
864657
1387731
1035410
495935
1292572
1192278
815878
748651
1067606
352359
1550978
361349
855374
805462
515278
956544
644011
485841
583672
1478291
1447891
1085356
552625
972821
515720
483383
499991
575002
680633
961716
707077
528325
530420
752649
701857
1792075
736231
468263
494094
302176
528842
1937837
3037206
719152
796315
500251
638370
416575
890995
517429
1890072
665102
705900
744027
714252
484629
1017881
1671060
450998
1240762
455031
449660
569229
517225
1056304
503111
443308
924028
1478466
904354
556333
735903
925894
550180
645836
577296
633832
903988
529942
394944
584725
432539
458539
559224
402375
564898
519499
778436
1191112
386248
526001
538271
412926
834594
574571
810242
1347883
566913
668175
1296929
500954
837119
2346293
816160
348158
830559
644162
590502
807674
407996
582660
446780
642681
470976
862900
516462
804118
1092266
1416695
602859
810948
657493
1876306
433313
1321106
1834903
1431924
1696555
2449787
417255
578417
5263739
382101
571905
775081
2804296
802534
389683
490175
475507
2673624
571777
550444
1072324
410033
452546
720373
513128
471071
424152
505483
3568820
2006776
600566
502830
728811
619884
712897
687628
1264955
560765
735015
563415
459021
522152
504300
597859
475211
603804
468435
494024
384084
494941
511497
485722
638493
481450
423805
336293
514358
440667
536623
575141
450908
583352
690633
425183
655300
727672
477551
623565
558996
833298
450756
440905
707503
642538
484880
750561
578545
550790
532389
509390
588653
543900
801621
555548
805864
502272
582733
530255
553933
498891
427222
445337
350048
488554
568709
544975
678157
480038
487993
555573
407016
390954
483959
1055851
420731
1012873
477131
375427
661940
1086598
466664
474304
309496
591973
661351
261748
399352
592301
471707
1083844
1472363
408883
454193
532137
652468
451039
519593
776880
519392
527104
502749
717305
475707
415991
922404
693839
4537848
771221
1171501
450191
989376
767402
488425
552435
477737
453866
948210
377374
768231
361886
407131
576579
607227
363258
398458
561804
524312
401653
467355
602510
403926
556482
423908
651907
484974
498975
330397
410628
469366
951689
537115
551928
688768
1441734
448986
512898
