4240181
1908260
1368797
1916807
3208895
1692472
6989004
4784148
1223982
1390620
1157397
4515928
4571912
2839604
3233353
3019198
2381571
2294269
2856381
2253570
3910981
2919610
2114953
4674958
2552909
1833129
2671315
2037368
3581086
1926264
2380143
2649840
3529431
3514233
1749748
4826598
5670703
2782120
1325539
1180270
1557584
1668783
2108139
1726325
827734
1360574
1647589
1186070
875488
1617308
961148
1111055
1563877
1083289
806638
1510108
4407961
4292740
3445408
898531
1564848
1432942
1964200
1609990
1593747
1209440
1192125
762119
1588478
724307
2363313
1530800
3634297
947335
1449138
1585207
921358
1458077
703088
889057
1390373
580428
3673254
1185264
1053491
1566055
1474105
1037203
1420845
2096109
2238349
948823
645856
1167864
717169
1130930
852761
958811
806447
1571714
823077
1943296
1908560
943142
1090256
1003259
1328139
818112
813886
944277
591294
1536227
1330431
1315413
1784083
1310493
1576698
2353134
1329039
3803479
1668757
1628940
1125022
2014960
2255411
2472646
1729673
1596630
2563560
3974175
1606583
1339652
1094582
1556952
2014813
1028935
755931
5533311
1478390
1225100
1048540
1028694
1213465
1257928
673827
1324433
1884000
627254
961416
854703
1015475
840560
1110613
1710586
893598
1363450
1578182
1655698
1195426
784501
1020116
1305664
1072088
1124459
1177560
1533960
1125565
1467049
1091691
2201600
864076
1499548
2325415
1138929
1491955
2160305
747147
558370
1571851
2161597
986042
1158146
1530391
967609
1099922
574869
2431484
2486360
2756420
2284873
906458
3623684
1346741
1071862
1192584
1037648
908160
1008654
987350
971415
1252319
1563350
1783587
1108552
795620
1009684
735809
1311283
1569355
1477229
1843747
1641002
1070151
818724
1102531
1214102
2412934
1257522
2224400
1091034
738665
924836
730886
954365
700360
594588
471642
609377
1103093
915745
766053
1119636
1202553
892802
676269
1054181
722103
1003100
3072288
465531
757825
833815
878651
971271
774531
827408
1175484
792242
662511
1807065
1615313
1031664
1218109
1628383
1523120
1608253
1597140
606951
1664318
794366
1279737
946077
630624
732122
934081
1006627
971169
1106444
785160
1024806
1057842
1079952
932812
2183513
3663734
1027138
540692
870642
573510
1066767
700561
1098597
566275
1395056
967187
490013
1192507
719917
1087507
835293
3737723
2020071
784669
663813
768265
935875
990753
1151862
779890
1001141
721056
1487887
529803
2075422
2181127
1762510
405953
2091786
878765
553233
2350980
874749
2183614
1099719
985889
814272
1103100
1485176
1692257
1296370
972773
599791
902091
652220
1047719
928218
893835
824183
1206168
1425527
849610
1035358
1018598
2004095
1020272
1137024
654569
795122
1158105
1647777
718458
2567231
1066974
983413
3014232
2628270
2277066
785307
1165162
644520
882184
739354
607131
1663421
1606656
2219067
1458950
996913
847212
891131
779389
1496912
1319022
958008
1197813
2271893
899373
1508191
3058156
1403554
880870
841210
937154
470187
1890068
4474928
2743780
663646
1257955
925007
874238
1105309
588932
939251
834728
781842
1630391
628191
1039633
1694640
993349
561400
1301887
1483912
468015
1045007
828922
936805
1148141
2567031
1193515
1822146
869015
954082
759022
6378784
3207647
1463474
1529362
719951
585269
1347999
1118595
857841
1015866
940837
819492
771066
880519
1364498
839097
1563259
1238933
906038
1177599
670087
893760
1662804
853191
723206
596154
927923
909137
873086
1048704
2833765
1059861
1048415
700981
884613
1271752
888575
1021324
812421
844236
457377
967495
807939
837558
843074
1052633
1103639
992009
969903
864009
697095
886939
893584
1001041
1042947
1142806
1300779
746145
552129
631520
992635
598857
1094682
1348858
2698248
1245054
2818195
2078864
1108138
355038
1002047
945291
440914
671872
1386595
892612
1710721
1536999
4778929
1287568
4706693
1921349
1749030
848844
1882945
766341
1009242
1375443
903948
1027080
674487
5046172
638869
1009108
958322
884913
947456
901116
946797
602919
2689426
1031866
516662
593530
885000
3496362
558061
1357829
1285380
817398
964807
2013466
1145456
1063163
1092670
879812
905545
1231754
1051861
812170
1959177
2771549
1502860
721266
1417123
1101457
1045764
800713
1202872
1726269
1876076
918421
1119724
1166845
969471
1211309
945763
946151
1051642
883583
985053
890982
652628
1387869
1123520
1902572
751792
682555
925725
566447
1092731
784340
850926
897976
738319
907524
760279
694608
659198
627193
839580
645345
668376
1766800
1019013
720271
901280
891298
638116
869371
954485
3209648
1178422
637078
1285798
434749
801411
1031448
978056
2266255
653926
464315
672011
1640769
2209234
982227
493108
748284
549419
934731
841209
817906
1944805
1577609
884215
763720
555579
1015408
644642
564604
1372350
1908195
575063
1502553
1214503
887174
785156
770100
2077870
1218776
812173
900570
1148261
887343
785302
835126
605458
556329
831155
2879097
786010
736187
699455
1030340
1154820
1123445
792213
601835
605809
836498
812010
714589
654343
1049313
956158
911600
774571
677796
821929
817222
592675
906742
783279
864113
761149
687744
758299
1000918
967720
783631
730474
751243
1012290
837767
763960
516394
825654
584920
3563403
2031774
490617
1702216
929612
886852
1306129
643928
1049731
662318
475370
1876845
1354299
1151224
373835
901171
1144125
723400
547722
712364
782328
1210448
1042000
1346837
1134668
937606
763567
639444
957419
770947
627918
633031
570223
854167
736896
1053500
860642
924089
531689
914898
2856962
812577
802590
1169876
669995
725540
611188
736120
750565
760829
958939
808278
380518
515593
557592
1088448
609160
815833
692035
933751
978478
894013
741840
894157
1561954
2138504
717971
382062
1683740
720702
749123
827362
1200495
1245788
1159802
1018401
1249583
1019745
1386530
830105
779724
932822
1115788
1275308
961394
981609
911688
1774822
1686618
577793
684975
1184503
1096270
724653
731620
1213515
1208271
636455
1457655
1065658
658240
646341
932237
979429
442418
1229660
558226
1647858
2140133
734037
612541
1017749
964878
1652485
896587
1395401
2525382
548762
378189
1149122
1210342
1098532
839075
526447
1320371
732158
586194
864791
739271
1147955
888071
1107381
1099006
686247
967324
942954
1276660
835565
625042
911797
730151
434858
1382259
756545
542237
861231
806459
794053
477662
2174173
798512
620672
506019
674785
411209
1202350
652032
525685
879045
1023587
1396449
682955
1668286
743054
802428
556737
880561
628084
1079787
517423
849787
1004140
917722
577376
544051
490310
694700
1064253
594402
797168
746055
1468379
892023
780927
404631
731104
868424
1102265
373303
621912
612685
1035728
990689
806215
443375
1149600
1272678
491535
570367
466588
896120
663513
750207
516956
787007
561302
1018537
853362
654461
824976
912823
554858
759643
732876
844876
612106
1034444
884571
1096533
1213317
1362666
1310412
1256599
1152615
894604
1069217
522872
826920
617390
575704
602070
739004
628220
759146
704724
585189
884901
1135811
2145007
729640
1327924
556525
995714
1199308
662640
722809
607851
995527
1261744
819951
824440
565089
909833
1870380
406591
727338
477477
388157
749222
379345
1679667
1125701
873741
938263
1078395
1089022
928297
774093
915858
980216
550996
799600
553135
1019215
1439385
1364479
565464
1619480
1008061
2571659
784905
948369
1065086
970169
1757500
1072784
1321724
1487064
1048460
653240
643073
879950
515398
887054
928591
666765
1073521
1211818
740631
903761
755600
960229
729846
733047
789717
945992
1458438
707784
810842
579598
2587614
811956
2071406
2537918
1110850
901092
891939
4447627
1442969
752681
1256177
1135679
837516
804233
566530
2285223
1614787
1361770
2475347
908230
1396468
835450
9666519
539475
670034
622915
1127673
670045
434770
475774
932977
500134
546558
317115
579058
403611
549000
724487
611191
649587
772302
562752
507241
510265
518493
579461
510242
590977
505370
537313
615630
581226
523212
1621256
578320
1198281
997616
536483
589896
1513300
915836
4445927
503916
509438
986722
614400
516110
452856
543994
839485
552290
539722
855562
428516
858773
415904
679533
297897
502765
497307
507316
601276
580111
384585
506197
974999
526491
501334
617422
499765
599821
517779
475198
498578
848298
614280
481920
601218
467597
1151069
839936
485193
725990
775509
784109
592593
486051
595419
2030721
778551
524023
642166
463254
526824
468770
483379
625669
1439045
1022074
1603477
615070
1124123
1781381
488603
667539
556337
1709254
588738
514840
870352
576567
752738
551178
492985
1159342
648542
1951025
638478
499600
634840
580942
710365
476326
457719
480162
1394551
503313
787592
468951
443214
437525
672227
2260413
819864
793907
1024156
573145
450802
474895
873518
586327
576448
846731
1254623
523205
561631
659623
516047
497374
449042
460637
537902
468767
506068
1928834
688362
521953
725284
401271
526798
488882
449727
461533
436471
689738
889498
474400
571472
367454
1253964
458073
414076
957756
484218
311091
644336
342609
711462
842808
1216090
488029
1297627
339645
411381
567011
820158
452551
458210
471515
473061
324402
419011
2018218
503555
762955
554889
476416
453403
478529
509888
409862
591440
917286
403847
581193
495958
586883
671068
453453
589598
420031
465916
545774
484964
480974
710449
518271
439498
422860
509072
496722
1113130
474164
948148
543686
543314
638144
571709
448287
693330
455882
448778
558988
518200
513797
759422
498181
612073
5476897
388724
541912
611995
451841
638904
655153
461327
609033
747140
871716
523739
560818
460610
417595
1586535
425132
638857
739131
501535
793027
794128
2586504
548633
477760
1305732
992099
623316
337256
945735
577876
532123
509228
443819
509815
1219720
635307
579926
2368359
488242
498173
495836
553022
393895
412857
703898
414013
676735
474418
971286
627888
1022340
405345
450955
432713
2234053
755710
661738
414744
578533
456289
390889
602472
1237362
459085
532318
958931
566973
