1739493
3694725
1335976
1299338
2009458
2500801
4447875
3550184
1461602
2294052
2161105
3873366
2340302
2944998
3777436
2212548
2190116
7104057
2644088
4441099
2832720
2687477
3867316
2205418
2454859
3190720
2878805
1783542
7229215
1687760
1593093
1805334
1994357
2650636
7779062
1512388
2682623
3366818
2104915
2815623
7122810
2366756
3210086
2903000
2417966
1740411
3463861
5416023
1896018
3590659
3939789
2134854
2776795
1421427
2202820
3316926
2691434
5234781
3785172
1352244
1682370
2915357
1021639
1077635
4676096
1145924
3389120
2666663
1283973
1370669
2336623
1345473
3742989
3631407
895268
1265957
3601827
950942
2411694
1260829
1119700
1328842
6167859
979929
1154089
2532934
1065896
1091160
1973731
1111227
956700
659210
1160492
2144762
575495
856192
1249510
3255552
727178
1433237
1302568
1225542
1319426
1138184
628694
1859545
740642
884449
1385806
656190
810818
997297
1383190
871847
1223385
912737
839418
828546
2050830
875897
1493734
2416686
844142
947078
986075
935421
978267
1832748
1662804
2680125
1060227
956416
1922717
2097453
892649
1569948
1144840
1190242
1738948
927721
806857
916984
741256
1543687
1356904
699749
796913
1161610
1802676
961828
748554
1797110
758924
1498427
956299
716936
979179
1573312
767338
917862
897852
1215602
1072027
1167964
824723
1152346
3234531
730496
704638
1511282
787462
767535
561819
794458
1382436
2415639
790905
1180109
814999
806325
1024118
1061005
807297
1101598
3585594
764360
721280
2217718
1376740
1642737
2185134
1339323
1212761
3400402
878885
971518
770095
1297241
2374674
726175
789816
942584
809513
783067
739027
963295
818223
852851
1013360
681635
998586
550561
696388
1286260
1308320
707689
872449
777118
834494
717154
714248
739604
981359
409073
718628
798920
903119
683775
693162
1586789
740546
970617
2149879
931892
1196364
716694
539160
819791
709213
842504
728080
973250
942811
1297042
1466046
1259656
1578748
1116783
859229
1184386
1425180
1569945
1376932
1120442
1403916
2120294
1990084
900331
1229852
1199648
1075065
3716137
1850760
693938
927040
1671362
714636
1193467
1900469
702784
937627
2233434
704937
1457312
2553962
4043745
2844126
1939426
938416
1292156
1313122
656220
1233889
1726200
2092336
4277869
1724809
744600
1464671
1242409
636049
1274622
1674362
1228075
3256189
3927915
903104
1031653
3318169
728855
808400
681778
1165234
1243932
965832
819885
1035903
1372194
630355
949840
838294
766442
1289031
1484755
793711
1383399
943800
993276
1094430
1335933
1040639
1660275
1375908
679331
927890
1021707
854285
1198006
1026640
1578946
1219886
3910632
672170
1060353
908714
896283
997722
1017361
644888
817257
1194713
847925
1452898
977020
620104
1146032
1121791
615389
1103561
804293
887636
1395692
955056
616908
986240
864562
831045
912702
1181993
605400
976221
1188360
644014
910175
1003917
711330
972745
1026848
745384
937711
1522197
649256
1111522
878223
645360
1646945
1574689
855464
811718
1569042
854497
1138366
1019080
759253
1078044
2203088
558681
582540
603418
695026
817872
1005740
600983
1006949
2032620
603760
899174
1081582
653454
1117435
1063264
636624
773736
887418
606189
911861
1098031
674864
1080324
912471
639619
1599404
1407625
635540
1391568
2125884
643471
867322
778871
572859
724170
717199
1015914
1281082
668848
818713
1374273
863845
616320
1098449
707252
708913
876920
873318
710055
787638
827841
585285
978390
910802
644063
837178
979635
616806
1106351
925967
617239
841787
1122475
1122445
1585188
828949
621783
799274
1167075
978247
1313087
1015612
635377
840129
660832
714780
970349
1591309
666736
1440134
954829
650601
741220
1088657
627114
868054
1114873
1304613
1144511
2299307
767668
1144264
1557267
723513
797368
1593718
805531
1150648
1046496
851657
1982212
940939
981240
1486987
1207061
640996
1252076
1720791
648046
1093083
756542
696510
924783
700279
659496
1003324
627484
1311340
2095628
1237193
567399
591782
594076
703402
1453840
2163166
747810
1055103
1229397
1200182
1338289
1059229
661752
960642
477278
630229
655134
731162
768456
1078731
1216369
1913909
8239211
5686656
573025
547554
501987
712433
762366
826979
634902
927591
771871
684278
669496
1325554
1569669
942705
1448511
742327
638695
858950
669032
1168286
1616625
597665
1032269
679175
961179
1902116
1571882
603675
1091337
1499071
861932
1428962
2008084
643107
1337461
1926824
636478
702614
746442
606655
819207
777064
753311
944319
1467318
1484090
705240
792626
906196
1223827
1565022
688754
787669
817437
589923
1149250
1210417
619682
744723
660078
580871
998036
791341
657291
1358153
1910944
832327
914569
877451
647292
968147
871591
613841
707706
948313
576384
826028
994863
634019
743920
841027
673458
710870
1006990
603625
771434
687710
544505
962737
1185777
865538
1213816
1391960
655538
674467
898475
680396
1011478
656714
586913
780251
905193
748519
811255
1091753
649301
731171
1080329
620759
1062518
1157489
605920
850571
726467
634828
1065575
693683
668658
1422735
796619
760225
1197956
2145972
774122
1196453
807415
1130566
2069705
1274207
1240918
564103
802207
772315
780350
934560
1430149
1034992
1811127
790835
950898
1548615
628624
878029
936327
919173
1470815
843901
573875
602596
3407247
641338
711563
730965
635495
834882
820618
587993
910437
1122221
698124
703693
484331
1165333
827022
1158149
581479
957184
924301
620425
760213
613410
1382314
1251385
1448157
690845
850371
902275
1270004
1192140
1330776
614409
999763
1282838
744806
1065299
876607
713176
704251
970238
594698
756840
690887
590835
821151
889564
594804
1138150
556064
626147
811755
846773
732413
1475580
914898
594921
652498
1020405
1155626
1582291
1868378
565078
802716
707012
762928
852566
1185249
570400
1064696
1044507
748895
1738378
1314099
737928
1248302
990138
697425
676484
689555
574669
708389
686651
552625
746537
975756
778307
1696239
5257413
553067
831299
806951
663077
632594
1199381
685728
989102
1123662
736247
819649
718053
771139
760766
1630057
544198
1258045
1472076
645716
860270
987400
585565
1000308
1213182
685383
859426
929160
944687
1360413
2923105
592619
651471
1012543
731484
677874
530782
759926
1536415
2501081
649856
594911
1332654
756546
1139147
1516591
632056
784571
1467458
551900
1024096
803529
573870
895702
739242
1001150
1122645
2376394
671214
1643665
1851005
592691
772237
1149602
607064
1136082
873479
632154
715599
875348
853387
961574
1046556
557544
927587
701920
594993
754361
1469876
878619
1710403
1083103
601296
1795253
1115741
576353
954678
1075342
663151
1031461
777488
1175318
1338767
1621200
776168
2297606
1829620
906808
1233110
963408
584325
698958
812444
588833
687409
1047049
692432
979209
1273045
605138
734766
799665
718688
1309735
680183
619143
822343
671378
607607
836268
1279206
785344
970867
941508
669947
843146
995407
1311180
1273142
985735
644102
1446981
875967
577318
783654
710586
750390
978986
1103640
1098684
1342712
967726
984265
1717541
3019385
715964
1033558
1932481
595187
1005542
941970
616616
808331
851534
855498
907837
952761
673277
3198392
1939023
605492
873351
2062838
563142
682033
900093
563718
729037
1178650
571453
873661
876962
682355
568653
1097327
963481
1108946
1093268
719139
762018
935607
579996
900293
754861
891212
1311091
1188833
637573
767593
1113637
601906
1544817
1601275
792086
1004014
1355293
1138548
1004646
1557565
564644
831176
704222
596172
712170
967151
605321
722362
1023696
569904
838072
1256180
633591
872610
1011976
728630
778680
2167360
873301
1310310
1787454
1174436
923218
1057622
605117
795769
1375707
594342
659243
842220
777473
557873
900640
656116
955642
1191326
656151
1449913
827398
931573
884094
1097477
775978
923969
664338
748641
739515
829646
558273
657105
611424
974035
661640
1326106
628997
1559481
929955
605787
961898
1206996
619831
765511
764215
677040
815149
990813
559409
567642
734020
612651
629356
932357
5989211
1039653
6853573
539478
568000
599267
818594
801323
2191265
745022
483962
729220
663422
694975
1906735
629170
462431
567594
417564
1305560
1713728
1428150
823886
596830
583588
1007197
917084
565259
1183716
1295986
736952
730911
596030
628666
899379
1047560
751325
1106341
749844
619673
1677601
2899743
858524
1143365
1262821
531437
623117
1098269
860111
1297890
1276269
1148153
1611755
732575
828676
2037423
2457711
1403375
598076
3201550
623387
671520
1074755
886302
1174765
2279862
711511
1049452
2798918
753593
772797
842396
627657
956746
886273
629277
817951
1176014
602355
680827
1449124
1132131
1383038
1776458
652552
851977
777273
719289
1058652
968050
760275
716046
566055
632314
832174
702704
712639
883057
846893
592630
906938
885021
3630044
2660504
1281784
514053
648591
543395
715180
752138
784764
1604974
3791116
4811289
569897
620999
2933073
1099797
1429058
3043913
690850
749257
625567
685924
979793
1109408
568265
672209
811158
1132331
1664564
1814476
690694
879608
1223400
837159
1629633
1251389
648263
896966
983031
790651
1191124
1473700
549178
696356
572229
546206
1311365
3040968
626837
1833712
1460290
784821
927645
1084423
671248
717126
881992
645153
728545
980494
633162
1095758
1150256
618937
770698
1000507
570222
845949
874368
839121
1549868
2504649
834129
935699
901213
1012507
1080227
1046631
668414
1112894
1371411
613182
786471
834375
721089
789700
1070071
1108099
1304463
1180917
892961
1702302
1623151
673993
821100
634384
550309
836119
1118272
679375
792558
1166927
599354
946400
1264018
678068
842367
904569
602778
749258
962298
620743
1133411
1180556
590331
733695
1084521
625961
992748
647355
575810
724358
816605
616525
951682
829509
608809
744693
943320
694393
737516
868504
571499
741081
634955
696556
771568
961776
669248
862838
591473
636008
666393
974969
1475500
606702
795984
742853
823511
764011
534835
893543
1154721
599994
644840
956716
677409
722258
609379
752336
1083749
926894
686660
859448
563805
619693
466521
1248466
608802
931742
737235
806954
865084
713396
2508012
1872631
3805287
1691713
719182
659413
602111
725531
715088
684942
934693
752020
780163
816914
652829
1309805
722054
467132
638002
866879
1142564
623340
775164
1020780
598858
798595
592975
606960
871043
1443390
1606979
1386623
1194950
552408
379529
493567
722508
1216734
1175526
594355
686883
1487083
1361099
650726
843666
619202
790018
713602
694893
861866
858014
586300
714709
905528
742954
1885325
2268698
663430
778175
844516
676053
786947
698405
651418
693407
912167
723449
1109684
866471
555267
723328
2208924
1488884
990360
838330
569724
1416930
535324
596820
600028
963739
635322
767393
1072985
751050
942879
961107
783487
797023
601558
927093
3052762
2358653
1092104
1033457
902369
772312
822501
998336
695036
1049542
940642
650631
643376
958529
573350
776229
855282
551815
1141133
977588
822120
1151238
1426789
657373
814491
459276
531380
780864
836517
742353
1048627
1302064
798619
671726
1288349
531947
418596
757266
965318
776270
892487
546730
820261
615754
542291
601991
690363
735244
864967
694167
694748
975607
773177
974072
906875
839759
674158
658748
816168
469405
710290
663273
617820
708038
962589
682989
881437
1225543
593423
983965
870617
789652
832367
1403408
648205
885011
1196989
827253
1156284
1076577
588386
791504
730246
788991
1121726
966950
614220
963171
695674
598746
833251
961572
550653
645489
571425
633207
859702
537520
541278
1133604
2782281
861131
1257450
2172104
527384
1005287
742607
652133
765165
871566
1066167
942500
851301
733827
902279
1142214
507890
746047
756090
567533
831025
1244737
523573
802470
870719
631914
705738
702393
690222
846511
885486
540145
763334
804484
646150
634332
688867
609197
668638
552602
641100
1077010
942237
615988
766932
671772
559006
1007198
820400
727666
1133393
1431397
837637
1128767
1087122
763647
1126208
749784
802800
780275
803878
739800
1234226
890579
642829
786798
814944
624813
868164
1005456
630237
818576
913136
723738
1002325
829251
571940
686698
704465
582856
778956
515823
589574
929145
570445
515664
760284
1145492
535442
594713
704091
567935
808912
773667
564477
897933
1131613
1456369
657754
885364
565747
426036
522940
587024
846058
638670
1277964
1093787
670553
427043
496795
444662
1321706
2178948
1269393
624931
1110017
763362
739578
785441
704453
561414
1137485
720609
573887
714857
751976
1220256
829714
933818
586051
717642
782429
913663
2492681
2433097
759883
649757
376867
585430
857841
1277252
768611
870648
980020
580884
759478
818792
543899
767946
594021
720368
1249674
728398
631577
716965
927609
704058
1056785
991694
672260
893324
1232225
663120
812711
1400419
614982
672862
961976
575376
745278
1098739
552523
607582
891966
575800
659382
793748
566164
1322429
1691598
709407
1003478
945402
497376
751596
940750
513256
565996
812725
841533
1582749
728424
565404
807243
865115
664809
1546920
1935498
641995
715904
740024
648541
853826
1084824
556551
969846
941985
547734
801596
853191
2511101
648494
913534
579366
645355
1054672
609449
819514
524251
717197
716748
587082
554159
842422
1369520
455737
564490
608188
1030602
1678871
1091104
602789
1190515
976246
1009103
353558
748211
576249
726016
3399914
621670
1199216
1946733
2606437
1933401
3240302
657725
777336
2031046
472091
612222
569886
863815
1372173
1245894
511711
766880
890383
603907
717911
816306
805025
632146
605305
1517216
925873
718383
568944
836952
612885
562301
631718
661502
567218
912013
1228837
539467
559729
744976
664316
1420349
1377511
540230
767761
1106441
591397
1073162
1237120
612069
879264
894056
542103
798268
876857
702008
1169516
918668
1060000
1558152
793738
571690
766254
642172
594871
600193
971393
680418
1439216
1178168
1040152
877479
896710
803573
668526
823440
574476
812789
669493
1918971
2354615
957860
599236
825136
897743
737316
1068157
1293596
482429
569503
888015
697075
707710
491149
874026
1503796
1397156
509833
620384
591842
544644
1034833
768619
653556
1091346
757296
668518
1120355
1047893
510149
705120
758760
532457
686853
559234
648655
866358
938777
679078
942529
815938
571511
1021194
1287635
469221
818307
1271694
450687
476055
492489
627683
809290
715306
508795
1196487
773440
534794
663190
868338
557806
667764
776137
542651
1327160
1061935
544877
903321
547139
581375
723787
652770
906080
1046213
471231
570892
768653
370149
938706
1382755
838713
583356
1046541
722607
509244
672920
609066
489049
921540
904520
742609
1459917
553316
672881
1350176
632849
1129985
752615
903374
560998
648314
563811
586975
724223
757231
596309
1168957
784324
614093
571193
662719
503141
671125
1114914
588207
891562
1211002
582453
769995
577496
575840
728996
748888
679928
736685
527343
749076
928394
1117644
780796
1225337
1137500
635093
1183263
1602795
547455
710919
720396
668667
894931
935431
790860
1530964
1218923
1231679
839252
3548843
929418
680535
644359
2349328
1355823
1371080
782185
594956
607104
730314
648004
525672
580175
1160640
688468
801380
730756
655640
604660
422423
523511
449070
550714
606396
581156
1243447
1864395
617734
627118
966789
932247
1244246
652313
628344
878290
947849
980205
1384211
736580
1340096
793756
654326
663564
551170
554765
957363
1234375
820657
532422
712169
701188
625543
923403
593412
760929
723409
653783
969791
1169927
577922
1151147
915116
658468
1024209
713649
656240
735496
886022
611791
1171105
1545017
522122
591334
622433
692992
445200
409310
431578
663652
677660
494622
706002
1596831
1710631
723532
1048890
1130319
590474
895177
1294060
525016
878660
1149924
743882
846445
1098275
697507
941741
706738
555904
748884
473158
488335
666921
577819
697408
595980
1073858
880744
1057278
950816
1036206
750634
739507
1181455
3236954
1985393
569159
593986
802787
564580
799264
586784
1495270
1796584
909679
1744691
725566
1328171
486349
925268
866042
1282699
1539081
1670597
374346
817020
576042
527931
659214
602968
501588
756948
669956
445959
564856
847979
1077533
1149933
583856
756002
978290
671815
620081
717520
861591
460872
581776
685979
611041
834255
599194
559571
605307
749315
513931
873389
720175
539689
713484
444885
608680
648607
988833
576287
629741
530138
624534
628040
589414
537568
597064
805578
571854
640775
401147
1111213
592985
563960
4091046
4178333
1750870
682747
536446
711361
645769
665358
1604733
1187096
1645129
2169075
1377530
553231
697620
620950
1127062
947927
561152
602604
802035
693463
1024090
745409
854914
1565206
1480699
3053574
3749516
3698789
850300
846453
2311678
768756
823313
1499109
1009703
758538
1968684
919409
485777
764923
489406
547596
587815
651480
722275
816277
40539858
20522795
1091745
556704
663140
543956
554726
773674
455318
828837
626534
776090
913734
414180
2219313
507582
520299
560769
529137
478729
964657
784994
909121
623813
549780
445498
559265
556973
539937
542606
402548
516414
488232
606942
538809
530850
520448
554958
581991
637880
620133
495442
405406
654735
535387
565780
540350
492536
623664
519183
487941
694100
767926
513357
519767
532941
517705
605478
653200
490664
602673
798413
584868
1948206
647317
455756
542625
588633
518016
673398
881217
628558
527683
852422
479747
542393
658201
501196
814345
854864
521515
559296
808828
537135
668866
2021879
509837
531389
611750
2018287
566681
533684
427878
560687
581669
554434
518776
530057
711707
563246
794764
480289
644533
669740
586210
528894
471015
2251465
769495
629649
557260
415996
517422
699396
688792
665826
923745
521484
543855
866206
643302
528591
464517
913768
949943
603422
801212
929899
536479
504954
649736
602593
526819
500494
461751
535005
463723
482429
588277
531853
557440
526330
522035
452448
643302
534024
509135
646607
1959622
799517
408775
370249
517680
665358
541220
535452
527847
612971
315896
772533
738674
765552
550474
466307
429423
524725
469541
505070
1195974
1263097
695162
796458
729040
1104117
524863
607322
593707
552417
620264
420025
519789
454253
487099
560842
905266
603886
572393
779949
507769
727076
1173546
495490
733518
1053682
507334
579172
579430
452819
540603
599323
593846
730080
741076
589608
672846
744616
425389
675507
902972
425009
560187
793695
467779
576963
787626
598736
649324
1175564
501825
1039195
1291493
485480
649658
981152
579998
595226
806601
472684
551122
994997
1179471
574627
998627
622078
577307
1022100
518255
593885
624780
486671
541789
894057
506694
584605
733213
467904
678494
695249
1194766
591700
723788
441548
803704
820196
588106
622824
1005198
492903
533085
764178
906329
828645
1500061
477906
520907
765829
500937
620685
703111
536693
612007
1036505
421785
496139
607445
549331
644115
604874
630262
1353851
1535896
473360
520174
783492
490827
550704
657392
473671
819404
2302585
563071
644535
802402
579824
583887
660471
469877
586814
692974
594140
638219
858398
489800
587403
755685
1228018
569655
833069
408118
646400
741564
477313
593569
727543
531362
703309
1036565
502111
649982
961249
593067
503274
731352
532203
737900
798885
512061
501006
584837
450172
580444
706467
688492
491546
451256
408911
5288778
585000
320944
3806584
4742952
479130
725856
1067449
518729
661095
602834
914984
907693
933318
459244
553183
851497
402862
561223
582971
455076
547333
637217
544046
363256
327716
582933
540131
716036
395376
576435
1027673
1308933
520971
1109144
420528
514362
615678
448504
662886
870889
1162058
387631
526479
411329
888370
826962
440971
569689
673930
366399
555417
808521
1411335
507894
547510
370672
453971
862827
440366
723736
1145074
416157
502373
655915
626911
549478
685389
556032
535863
635647
335091
1885390
2058198
384762
493086
739621
434240
1147685
1351436
419172
6844051
8054472
326701
518585
760620
534291
570311
668545
685572
730938
1063652
268722
461589
509380
657175
596492
1623550
440522
2871462
921022
460926
643300
709099
904449
612444
1123111
525929
806549
1602454
431580
636396
913388
475138
291940
288109
430932
473162
620806
475877
584745
612092
507893
775699
535695
540909
463171
582232
419638
495860
624646
351675
482962
840503
464678
486316
737761
384205
531912
723282
429353
469375
618886
425453
495350
653463
515103
1155426
1469990
481396
503224
510031
336598
507533
684136
426023
617227
744793
419268
651178
637107
376470
555021
603303
413758
500911
620482
402224
506723
635743
550694
446376
1034783
333961
611347
567202
448325
740848
672981
424879
559034
593295
4526140
888844
1138680
634954
755940
417559
456306
875636
943183
444102
462449
725862
406756
470742
792278
606771
485927
738183
468089
586482
608669
518135
501709
861013
518860
731263
805198
407668
664171
600155
1745665
761762
669380
296647
458751
668449
415245
828620
828960
431094
741882
855378
386371
613483
537414
532521
620995
607418
667140
585625
853780
566649
808648
1606450
445481
485458
513817
392811
598044
830880
2786315
487940
630635
494187
523158
518032
567949
495475
604824
661262
607940
824862
482069
450894
759435
521050
485803
693191
445034
1231202
677552
391220
558097
536621
466407
536630
673278
503505
1416756
2508623
515171
344074
501825
407240
456510
629688
465908
1479075
1032000
1889883
619162
629919
378846
463884
597751
523123
605895
780784
469591
798120
918855
380301
1372416
1164100
481982
643841
687535
440913
1662487
1798726
421709
540059
434395
854609
318613
512638
570622
414224
324099
352000
494338
895788
542463
1279969
1161673
424293
659078
708416
370238
511245
793379
570575
536511
694188
429784
695041
606428
450071
790465
630946
506062
600447
776509
467773
886278
778481
390033
511680
555200
476311
